   Element      Z   Zeff                     c1                 decay1                     c2                 decay2                     c3                 decay3 
         H      1      1       -1030.2864874565           0.3854035215        -279.6898787568           2.0455881787           0.0013914170         640.9871373838 
                                -217.5464650387           0.3902526555         735.7816712536           0.3901373281           0.0040002786        2445.2659231346 
                                 279.9230819370           2.0455882918         512.8027989964           0.3807888010           0.0098853624          60.9587103968 
        He      2      2       -1030.1169156557           0.9863093213        -279.5505582987           5.5285121716           0.0027043711         640.9872226429 
                                -217.3768150322           1.0042097882         735.9513180891           1.0041506745           0.0109185091        2445.2658599135 
                                 280.0623871444           5.5285151811         512.9723393165           0.9689069556           0.0446162831          60.9146840975 
        Li      3      3       -1030.1959410498           0.0902798371        -279.2279308849           2.8716168066           0.0276923393         640.9812908224 
                                -217.4576964969           0.0913685609         735.8719735870           0.0913686786           0.0106693275        2445.2712091313 
                                 280.3847705688           2.8716168080         512.8919738668           0.0892148292           0.6944792450          11.2268655156 
        Be      4      4       -1029.9342080972           0.1947146745        -279.2112840227           6.2640244868           0.0367042397         640.9843118403 
                                -217.1945202552           0.1983225217         736.1333717772           0.1983225339           0.0108256133        2445.2682062810 
                                 280.4016456768           6.2640244835         513.1553960962           0.1912058331           0.6020581977          23.6186686725 
         B      5      5       -1029.6835711546           0.3260793958        -279.2172298067          10.2888592013           0.0489262743         640.9836158304 
                                -216.9464914101           0.3343740541         736.3843005780           0.3343741464           0.0171990249        2445.2742422156 
                                 280.3957469864          10.2888592178         513.4029709783           0.3180373735           0.5981334953          38.3056593709 
         C      6      6       -1029.4387203890           0.5080577978        -279.2166900637          15.1576518247           0.0543568343         640.8753205822 
                                -216.7004171421           0.4845890874         736.6271569965           0.5179813657           0.0307623085        2445.2854440620 
                                 280.3962545793          15.1576522169         513.6479894580           0.4845893513           0.5992864729          57.9093314613 
         N      7      7       -1029.1960213565           0.7261239132        -279.2516383972          19.5131338058           0.0634570246         640.6633489038 
                                -216.4590560710           0.6878371655         736.8683778259           0.7423964332           0.0455087366        2445.2950407706 
                                 280.3612937930          19.5131331757         513.8884991872           0.6878370720           0.6795516301          72.9202519758 
         O      8      8       -1028.9583004076           0.9525225739        -279.3316986090          21.4075497552           0.0892178012         640.3019777413 
                                -216.2261795406           0.8959478176         737.1014204444           0.9767679175           0.0589770798        2445.3090719536 
                                 280.2812410279          21.4075484806         514.1220647141           0.8959478363           0.8632216037          78.1826073252 
         F      9      9       -1029.1100375598           0.6395420123        -278.3063903583           2.5476442497           0.7448766610         110.6732358768 
                                -216.9607617547           0.6124730824         736.8997141143           0.6515137615           0.0860344164        2454.1586625537 
                                 281.3063981807           2.5476442290         513.3735467315           0.6124634433           0.9665916897          33.0590537265 
        Ne     10     10       -1028.8024503460           0.7888380083        -278.1120656326           3.2665711251           0.8202583595         123.1102354892 
                                -216.9539852535           0.8140238235         737.1769460388           0.8140549670           0.1060239653        2459.8363538952 
                                 281.5008920699           3.2665695392         513.3882512929           0.7655604755           0.8760960396          38.8674670258
        Na     11     11       -1029.6551687496           0.1218902916        -277.6470701762           1.5331057717           1.4902603277          83.4894010756 
                                -217.8109039892           0.1201893839         736.3197614372           0.1233454037           0.1548368325        2459.8201701452 
                                 281.9658726229           1.5330427114         512.5311916207           0.1190817748           3.6511599243           4.2292556020 
        Mg     12     12       -1029.3777416676           0.1485649374        -277.6181115600           2.1730232909           1.4659313552         100.1470336163 
                                -217.5400152770           0.1439277042         736.6005475758           0.1504971934           0.1730890496        2459.7956247611 
                                 281.9947718074           2.1730232603         512.8029594794           0.1439302551           3.4985253250           5.5173555385 
        Al     13     13       -1029.1167622445           0.1672095754        -277.5967016835           2.9222490682           1.4415557256         116.7055587062 
                                -217.2715127171           0.1718401740         736.8621681385           0.1718365693           0.1879392977        2459.7610149146 
                                 282.0162784248           2.9222490584         513.0708705188           0.1628101535           3.4061182043           6.9425047982 
        Si     14     14       -1028.8390346918           0.2189948247        -277.4382571089           3.9336649192           1.4143885301         134.7754289517 
                                -216.9929246915           0.2090528720         737.1383582927           0.2232748770           0.2068205898        2459.6920683090 
                                 282.1747340279           3.9342317032         513.3480247184           0.2091163265           2.9878393891           8.9089501274 
         P     15     15       -1028.5576512346           0.2837611733        -277.1457074553           5.3672744164           1.3808259948         155.0780927428 
                                -216.7106003660           0.2702032747         737.4209564451           0.2897274230           0.2273477574        2459.5725438743 
                                 282.4671725224           5.3672769755         513.6306066823           0.2702023310           2.2869933298          11.8163348993 
         S     16     16       -1028.2771507209           0.3506135515        -276.8565030332           7.0187771350           1.3423000785         177.5658651740 
                                -216.4305838583           0.3321408273         737.6998573181           0.3588275410           0.2456820215        2459.3747039591 
                                 282.7563746274           7.0187781815         513.9115721154           0.3321409194           1.6083898706          16.0065694580 
        Cl     17     17       -1027.9832597030           0.4317318168        -277.2055011487           6.6001443906           1.3207407456         198.2746531167 
                                -216.1457308029           0.4072142311         737.9920886703           0.4427112359           0.2688827168        2459.0205356813 
                                 282.4070832926           6.6274907726         514.1972997852           0.4072187254           2.1483280896          16.9772062628 
        Ar     18     18       -1027.7057619462           0.5074554063        -277.7176624969          13.3034378538           1.2814161281         227.2530423460 
                                -215.8583551935           0.4778532303         738.2583034107           0.5212413946           0.2785019092        2457.7803515504 
                                 281.8954631821          13.2041204451         514.4359739802           0.4774217391           3.1320506797          20.9186585799