            atom_x            atom_y            atom_z       effective_Z
      1.2283219810      0.0000000000      0.0000000000      6.0000000000
     -1.2283219810      0.0000000000      0.0000000000      6.0000000000

          center_x          center_y          center_z         amplitude             decay
      1.2283219810      0.0000000000      0.0000000000      2.4182758320      0.4558507829
      1.2283219810      0.0000000000      0.0000000000      4.1904306948      1.4561260735
      1.2283219810      0.0000000000      0.0000000000     -0.1087069977     17.5892339938
     -1.2283219810      0.0000000000      0.0000000000      2.4182758320      0.4558507829
     -1.2283219810      0.0000000000      0.0000000000      4.1904306948      1.4561260735
     -1.2283219810      0.0000000000      0.0000000000     -0.1087069977     17.5892339938

