            atom_x             atom_y             atom_z           atom_Num 
      1.2052748812       0.0000000000       0.0000000000       6.0000000000 
     -1.2052748812       0.0000000000       0.0000000000       6.0000000000 

          center_x           center_y           center_z                 amplitude                     decay
      1.2052748812       0.0000000000       0.0000000000              4.0292599655              1.4561260895 
      1.2052748812       0.0000000000       0.0000000000             -0.1045259642             17.5892334291 
      1.2052748812       0.0000000000       0.0000000000              2.3252655443              0.4558509111 
     -1.2052748812       0.0000000000       0.0000000000              4.0292599655              1.4561260895 
     -1.2052748812       0.0000000000       0.0000000000             -0.1045259642             17.5892334291 
     -1.2052748812       0.0000000000       0.0000000000              2.3252655443              0.4558509111 
