            atom_x            atom_y            atom_z       effective_Z
      1.2052748812      0.0000000000      0.0000000000      6.0000000000
     -1.2052748812      0.0000000000      0.0000000000      6.0000000000

          center_x          center_y          center_z         amplitude             decay
      1.2283219810      0.0000000000      0.0000000000      2.2322546142      0.4558507829
      1.2283219810      0.0000000000      0.0000000000      3.8680898721      1.4561260735
      1.2283219810      0.0000000000      0.0000000000     -0.1003449210     17.5892339938
     -1.2283219810      0.0000000000      0.0000000000      2.2322546142      0.4558507829
     -1.2283219810      0.0000000000      0.0000000000      3.8680898721      1.4561260735
     -1.2283219810      0.0000000000      0.0000000000     -0.1003449210     17.5892339938

